0.2083
0.2653
0.2675
0.1971
0.2146
0.0854
0.2283
0.2198
0.2198
0.2463
0.2254
0.1125
0.0974
0.1283
0.1446
0.1729
0.0840
0.1468
0.1034
0.1394
0.2034
0.3395
0.4050
0.2342
0.1905
0.1371
0.1539
0.0932
0.1240
2.0355
0.1285
0.2441
0.3497
0.0762
0.2483
0.1061
0.1199
0.1310
0.1893
1.1974
0.1176
0.1044
0.1931
0.1480
0.1837
0.2613
0.2393
0.1661
0.0744
0.1358
0.1209
0.0790
0.1060
0.1476
0.2219
0.1870
0.0672
0.1399
0.9734
0.0856
0.1706
0.0757
0.1055
1.2161
0.1040
0.2169
0.0752
0.1560
0.3349
0.5903
0.0982
0.1223
0.3303
0.0583
0.1464
0.1599
0.1934
0.0755
0.5221
0.1463
0.1358
0.1097
0.3584
0.1172
0.4155
0.0881
0.0715
0.1748
0.1442
0.0827
0.0586
0.1995
0.1216
1.1721
