0.0870
0.1313
1.3718
0.1735
0.1370
0.6269
0.1465
0.1619
0.0969
0.0833
0.1350
0.2756
0.1511
0.1442
0.0883
0.1499
0.0563
0.1772
0.2157
0.0752
0.2124
0.1843
0.1214
0.3675
0.1264
0.1418
0.0829
0.0881
0.0814
0.4755
0.0675
0.1180
0.1065
0.7194
0.1899
0.0680
0.5140
0.1498
0.0753
0.1515
0.1080
0.2573
0.0572
0.0800
0.1408
0.4374
0.1150
0.0839
0.1007
0.1538
0.1296
0.1144
0.1025
0.1147
0.5526
0.2136
0.1858
0.0793
0.1384
0.1222
0.0663
0.1485
0.2467
0.0970
0.6439
0.1595
0.0969
0.5790
0.1796
0.0673
0.2111
0.1333
0.4718
0.0457
0.1938
0.1001
0.1114
0.1202
0.2627
0.2110
0.2255
0.1096
0.2809
0.1545
0.0682
1.0835
