0.0636
0.0753
0.1085
0.0979
0.2193
0.0259
1.1845
0.1338
0.2349
0.1289
0.0876
0.2471
0.1182
0.0805
0.1623
0.1078
0.0885
0.1016
0.1006
0.2017
0.0542
0.0964
0.0903
0.8729
0.0629
0.1801
0.0916
0.1440
0.1082
0.1665
0.3468
0.1047
0.1861
0.1395
0.5230
0.0949
0.1258
0.5336
0.1001
0.1130
0.3342
0.1666
0.1120
0.0972
0.3066
0.1998
0.2644
0.0969
0.2110
0.1262
0.1007
0.1445
0.0718
0.0582
0.1820
0.0808
0.4599
0.0899
0.0951
0.7613
0.0864
0.1452
0.1180
0.0462
0.1178
0.3114
0.0838
0.0525
1.0051
0.0951
0.1912
0.0635
0.1717
0.0547
0.1202
1.6102
0.0876
0.1319
0.4670
