0.0924
0.1837
0.0719
0.1165
0.1731
0.4711
0.0932
0.1160
4.0444
0.1658
0.0703
0.1757
0.4337
0.3849
0.0967
0.5460
0.1189
0.1635
0.5950
0.1296
0.1285
0.0717
0.0881
0.3687
0.0474
0.1202
0.1089
0.7314
0.6708
0.2721
0.1777
0.0799
0.1285
0.3264
0.2089
0.0978
0.4293
0.0672
0.0841
0.1171
0.6751
0.1234
0.0661
0.0880
0.0932
0.1176
0.1236
0.1035
0.1091
0.4278
0.1912
0.2533
0.0753
0.1676
0.1936
0.0707
0.1474
0.4450
0.0752
0.5887
0.1732
0.1844
0.1011
0.5516
0.2305
0.0667
0.1420
0.0956
0.3801
0.4953
0.1852
0.1041
0.1674
0.6189
0.0543
0.2868
0.0915
0.3195
0.1476
0.0839
0.6129
